712.4 143.0 98.33000000000004 164.92000000000002
599.41 156.4 30.340000000000032 32.849999999999994
387.63 181.54 36.18000000000001 21.580000000000013
676.6 163.95 12.379999999999995 29.980000000000018
804.79 167.34 190.64 160.6
657.39 190.13 42.680000000000064 33.25999999999999
614.24 181.78 113.06999999999994 102.98999999999998
280.38 185.1 64.51999999999998 30.49000000000001
365.14 184.54 40.97000000000003 20.659999999999997
330.06 178.74 30.70999999999998 59.89999999999998
548.0 171.33 24.399999999999977 23.089999999999975
505.25 168.37 70.19000000000005 40.81
49.7 185.65 177.71999999999997 61.31
328.67 170.65 68.57 33.50999999999999
564.62 174.59 51.809999999999945 50.150000000000006
481.59 180.09 30.95999999999998 22.329999999999984
542.05 175.55 23.220000000000027 18.23999999999998
330.6 176.09 25.00999999999999 37.50999999999999
0.0 192.37 402.31 181.63
334.85 178.94 289.65 193.10000000000002
937.29 197.39 303.71000000000004 176.61
597.59 176.18 123.30999999999995 84.95999999999998
741.18 168.83 51.07000000000005 39.599999999999994
884.52 178.31 71.88999999999999 61.870000000000005
601.96 177.01 57.18999999999994 52.5
600.14 177.09 24.50999999999999 16.22
574.98 178.64 23.470000000000027 15.370000000000005
